CachedState {
    state_reader: InMemoryStateReader {
        contract_states: {
            Address(
                4097,
            ): ContractState {
                contract_hash: [0,0,0,0,0,0,0,0,0,0,0,0,0,0,0,0,0,0,0,0,0,0,0,0,0,0,0,0,0,0,16,16,
                ],
                nonce: 0,
                storage_keys: {
                    1192211877881866289306604115402199097887041303917861778777990838480655617515: 2,
                    3229073099929281304021185011369329892856197542079132996799046100564060768274: 0,
                },
            },
            Address(
                256,
            ): ContractState {
                contract_hash: [0,0,0,0,0,0,0,0,0,0,0,0,0,0,0,0,0,0,0,0,0,0,0,0,0,0,0,0,0,0,1,16,
                ],
                nonce: 0,
                storage_keys: {},
            },
            Address(
                257,
            ): ContractState {
                contract_hash: [0,0,0,0,0,0,0,0,0,0,0,0,0,0,0,0,0,0,0,0,0,0,0,0,0,0,0,0,0,0,1,17,
                ],
                nonce: 0,
                storage_keys: {},
            },
        },
        class_hash_to_contract_class: {
            [0,0,0,0,0,0,0,0,0,0,0,0,0,0,0,0,0,0,0,0,0,0,0,0,0,0,0,0,0,0,1,16,
            ]: ContractClass {
                program: Program {
                    builtins: [
                        "pedersen",
                        "range_check",
                        "bitwise",
                    ],
                    prime: "0",
                abi: None,
            },
            [0,0,0,0,0,0,0,0,0,0,0,0,0,0,0,0,0,0,0,0,0,0,0,0,0,0,0,0,0,0,16,16,
            ]: ContractClass {
                program: Program {
                    builtins: [
                        "pedersen",
                        "range_check",
                    ],
                    prime: "0",
                abi: None,
            },
            [0,0,0,0,0,0,0,0,0,0,0,0,0,0,0,0,0,0,0,0,0,0,0,0,0,0,0,0,0,0,1,17,
            ]: ContractClass {
                program: Program {
                    builtins: [
                        "pedersen",
                        "range_check",
                    ],
                    prime: "0",
                abi: None,
            },
        },
    },
    cache: StateCache {
        class_hash_initial_values: {
            Address(
                4097,
            ): [0,0,0,0,0,0,0,0,0,0,0,0,0,0,0,0,0,0,0,0,0,0,0,0,0,0,0,0,0,0,16,16,
            ],
            Address(
                257,
            ): [0,0,0,0,0,0,0,0,0,0,0,0,0,0,0,0,0,0,0,0,0,0,0,0,0,0,0,0,0,0,1,17,
            ],
        },
        nonce_initial_values: {
            Address(
                257,
            ): 0,
        },
        storage_initial_values: {
            (
                Address(
                    4097,
                ),
                [7,35,151,50,8,99,155,120,57,206,41,143,127,254,166,30,63,149,51,135,45,239,215,171,219,145,2,61,180,101,136,18,
                ],
            ): 0,
            (
                Address(
                    4097,
                ),
                [2,162,196,156,77,186,13,145,179,79,42,222,133,212,29,9,86,31,154,119,136,76,21,186,42,176,242,36,27,8,13,235,
                ],
            ): 2,
        },
        class_hash_writes: {},
        nonce_writes: {
            Address(
                257,
            ): 1,
        },
        storage_writes: {
            (
                Address(
                    4097,
                ),
                [7,35,151,50,8,99,155,120,57,206,41,143,127,254,166,30,63,149,51,135,45,239,215,171,219,145,2,61,180,101,136,18,
                ],
            ): 0,
            (
                Address(
                    4097,
                ),
                [7,35,151,50,8,99,155,120,57,206,41,143,127,254,166,30,63,149,51,135,45,239,215,171,219,145,2,61,180,101,136,19,
                ],
            ): 0,
            (
                Address(
                    4097,
                ),
                [2,162,196,156,77,186,13,145,179,79,42,222,133,212,29,9,86,31,154,119,136,76,21,186,42,176,242,36,27,8,13,235,
                ],
            ): 2,
            (
                Address(
                    4097,
                ),
                [2,162,196,156,77,186,13,145,179,79,42,222,133,212,29,9,86,31,154,119,136,76,21,186,42,176,242,36,27,8,13,236,
                ],
            ): 0,
        },
    },
    contract_classes: Some(
        {
            [0,0,0,0,0,0,0,0,0,0,0,0,0,0,0,0,0,0,0,0,0,0,0,0,0,0,0,0,0,0,16,16,
            ]: ContractClass {
                program: Program {
                    builtins: [
                        "pedersen",
                        "range_check",
                    ],
                    prime: "0",
                }
                abi: None,
            ,
            }
            [0,0,0,0,0,0,0,0,0,0,0,0,0,0,0,0,0,0,0,0,0,0,0,0,0,0,0,0,0,0,1,17,
            ]: ContractClass {
                program: Program {
                    builtins: [
                        "pedersen",
                        "range_check",
                    ],
                    prime: "0",
                abi: None,
            },
        },
    ),
}